1 12 399
1 13 394
1 24 903
1 33 373
1 51 463
1 58 288
1 65 221
1 72 908
1 78 251
2 8 976
2 33 305
2 53 257
2 65 798
2 66 689
2 72 281
2 78 282
3 8 991
3 12 996
3 16 292
3 19 224
3 23 328
3 24 208
3 25 255
3 31 304
3 33 505
3 39 916
3 44 876
3 58 228
3 62 204
3 65 999
3 66 916
3 71 170
3 72 179
3 78 816
4 8 218
4 13 252
4 23 219
4 31 445
4 44 305
4 45 328
4 48 185
4 53 179
4 63 229
4 65 291
4 78 530
5 8 208
5 9 162
5 12 188
5 14 977
5 16 916
5 17 300
5 18 313
5 23 986
5 26 676
5 32 357
5 33 830
5 38 990
5 39 935
5 47 874
5 55 313
5 62 983
5 65 317
5 66 215
5 71 998
5 72 956
5 75 293
5 77 219
5 78 990
6 20 285
6 62 168
7 40 508
7 60 445
7 69 244
8 2 976
8 3 991
8 4 218
8 5 208
8 12 979
8 16 559
8 17 218
8 21 195
8 23 398
8 24 168
8 25 846
8 30 179
8 31 301
8 33 999
8 39 976
8 44 981
8 47 215
8 48 996
8 53 980
8 55 336
8 57 224
8 58 215
8 62 488
8 65 996
8 66 997
8 70 201
8 72 938
8 75 815
8 78 962
9 5 162
9 16 724
9 31 165
9 33 819
9 35 931
9 41 159
9 42 179
9 46 930
9 55 364
9 59 185
9 68 310
9 71 302
9 72 165
9 77 870
10 72 243
10 78 235
11 12 384
11 13 518
11 14 350
11 52 516
11 55 291
11 62 297
12 1 399
12 3 996
12 5 188
12 8 979
12 11 384
12 13 371
12 14 162
12 16 612
12 19 352
12 20 179
12 23 264
12 24 508
12 25 870
12 30 227
12 33 983
12 39 437
12 44 800
12 46 201
12 48 320
12 52 268
12 53 200
12 55 232
12 59 288
12 62 491
12 65 999
12 66 947
12 72 234
12 78 958
13 1 394
13 4 252
13 9 826
13 11 518
13 12 371
13 16 277
13 19 224
13 23 280
13 25 160
13 31 722
13 32 226
13 39 423
13 51 224
13 55 194
13 62 276
13 65 276
13 72 658
13 78 221
14 5 977
14 11 350
14 12 162
14 17 836
14 18 213
14 23 219
14 25 232
14 27 432
14 45 232
14 47 259
14 48 213
14 62 999
14 65 271
14 71 808
14 74 246
14 78 323
15 17 800
15 25 879
15 32 429
15 39 177
15 41 934
15 53 156
15 57 216
15 65 899
16 3 292
16 5 916
16 8 559
16 9 724
16 12 612
16 13 277
16 18 283
16 20 288
16 23 215
16 25 218
16 26 243
16 29 174
16 31 278
16 33 640
16 35 688
16 39 363
16 44 217
16 46 174
16 47 218
16 48 529
16 51 479
16 53 276
16 55 237
16 58 321
16 59 388
16 60 217
16 62 215
16 63 241
16 65 945
16 66 216
16 69 216
16 72 252
16 77 264
16 78 312
17 5 300
17 8 218
17 14 836
17 15 800
17 18 225
17 31 255
17 34 369
17 37 176
17 47 826
17 48 451
17 53 152
17 57 296
17 62 296
17 66 227
17 72 218
17 78 279
18 5 313
18 14 213
18 16 283
18 17 225
18 31 243
18 33 177
18 45 204
18 47 956
18 49 164
18 57 168
18 62 300
18 71 725
18 73 270
18 78 177
19 3 224
19 12 352
19 13 224
19 20 439
19 23 234
19 32 752
19 45 552
19 53 243
19 55 167
19 65 940
19 71 200
19 72 619
19 78 395
20 6 285
20 12 179
20 16 288
20 19 439
20 25 997
20 27 157
20 45 188
20 66 224
20 74 195
20 80 176
21 8 195
21 26 278
21 39 317
21 41 312
21 53 227
21 58 671
22 72 151
23 3 328
23 4 219
23 5 986
23 8 398
23 12 264
23 13 280
23 14 219
23 16 215
23 19 234
23 25 454
23 31 353
23 32 229
23 33 216
23 39 196
23 44 351
23 48 218
23 55 276
23 58 230
23 62 235
23 65 971
23 66 215
23 78 856
24 1 903
24 3 208
24 8 168
24 12 508
24 31 168
24 33 251
24 39 226
24 48 352
24 51 538
24 53 440
24 58 340
24 65 508
24 66 291
24 72 916
24 78 223
25 3 255
25 12 870
25 13 160
25 14 232
25 15 879
25 16 218
25 19 910
25 23 454
25 26 262
25 32 653
25 36 408
25 43 523
25 47 218
25 48 159
25 49 433
25 51 680
25 52 274
25 53 452
25 55 453
25 62 349
25 65 957
25 66 217
25 69 252
25 72 978
25 75 257
25 78 828
26 5 676
26 16 243
26 21 278
26 25 262
26 31 255
26 35 841
26 37 296
26 39 165
26 51 447
26 55 318
26 62 251
26 72 369
26 77 819
27 14 432
27 20 157
27 55 339
29 16 174
29 33 156
29 60 728
29 72 157
29 75 227
30 8 179
30 12 227
30 37 924
30 48 260
30 53 243
30 65 400
30 66 227
30 72 164
30 78 218
31 3 304
31 4 445
31 8 301
31 9 165
31 13 722
31 16 278
31 17 255
31 18 243
31 23 353
31 24 168
31 26 255
31 35 319
31 44 255
31 46 160
31 55 963
31 58 279
31 60 958
31 63 227
31 65 284
31 69 317
31 77 235
31 78 287
32 5 357
32 13 226
32 15 429
32 19 752
32 23 229
32 25 653
32 33 230
32 41 417
32 53 238
32 55 763
32 62 979
32 65 387
32 69 294
33 1 373
33 2 305
33 3 505
33 5 830
33 8 999
33 9 819
33 12 983
33 16 640
33 18 177
33 23 216
33 24 251
33 29 156
33 30 898
33 31 800
33 32 230
33 34 262
33 38 188
33 39 961
33 44 619
33 47 176
33 48 215
33 51 619
33 53 215
33 55 642
33 58 360
33 61 378
33 62 315
33 63 215
33 65 983
33 66 999
33 71 309
33 72 999
33 75 748
33 77 217
33 78 226
34 17 369
34 33 262
34 39 538
34 44 265
34 45 161
34 64 452
34 69 221
35 9 931
35 26 841
35 31 319
35 62 246
35 65 193
35 77 202
36 25 408
36 53 459
36 58 230
36 65 288
37 17 176
37 26 296
37 30 924
37 45 210
37 57 174
37 65 154
37 70 273
38 5 990
38 33 188
38 62 173
38 72 210
38 80 201
39 3 916
39 5 935
39 8 976
39 12 437
39 13 423
39 15 177
39 16 363
39 21 317
39 23 196
39 24 226
39 26 165
39 31 800
39 33 961
39 34 538
39 46 312
39 51 619
39 54 221
39 58 901
39 62 810
39 65 634
39 66 490
39 72 616
39 75 234
39 78 995
40 7 508
40 46 390
41 9 159
41 15 934
41 21 312
41 32 417
41 52 386
41 53 201
41 78 698
42 9 179
42 47 262
42 62 188
42 67 575
43 25 523
43 78 373
44 3 876
44 4 305
44 8 981
44 12 800
44 16 217
44 23 351
44 31 255
44 33 619
44 34 265
44 55 232
44 58 235
44 65 885
44 66 983
45 4 328
45 14 232
45 18 204
45 19 552
45 20 188
45 34 161
45 37 210
45 62 804
45 72 784
45 73 229
46 9 930
46 12 201
46 16 174
46 31 160
46 39 312
46 40 390
46 47 235
46 55 152
46 65 156
46 72 171
46 75 154
46 78 298
47 5 874
47 8 215
47 14 259
47 16 218
47 17 826
47 18 956
47 25 218
47 33 176
47 42 262
47 46 235
47 48 382
47 51 224
47 57 988
47 63 359
47 66 284
47 72 216
47 73 229
47 78 307
48 4 185
48 12 320
48 14 213
48 16 529
48 17 451
48 23 218
48 24 352
48 25 159
48 30 260
48 33 215
48 47 382
48 53 590
48 62 198
48 63 909
48 65 539
48 66 396
48 78 988
49 18 164
49 25 433
49 58 318
51 1 463
51 13 224
51 16 479
51 24 538
51 25 680
51 26 447
51 33 619
51 39 619
51 47 224
51 53 478
51 55 777
51 66 969
51 73 167
51 78 702
52 11 516
52 12 268
52 25 274
52 41 386
52 73 543
52 78 504
53 2 257
53 4 179
53 12 200
53 15 156
53 16 276
53 17 152
53 19 243
53 21 227
53 24 440
53 25 452
53 30 243
53 32 238
53 33 215
53 36 459
53 41 201
53 48 590
53 51 478
53 65 734
53 66 283
53 72 236
53 74 230
53 78 475
54 39 221
54 55 224
54 78 156
55 5 313
55 8 336
55 9 364
55 11 291
55 12 232
55 13 194
55 16 237
55 19 167
55 23 276
55 25 453
55 26 318
55 27 339
55 31 963
55 32 763
55 44 232
55 46 152
55 51 777
55 54 224
55 56 391
55 58 328
55 60 523
55 62 270
55 65 217
55 66 262
55 78 708
56 55 391
56 72 205
57 8 224
57 15 216
57 17 296
57 18 168
57 37 174
57 47 988
57 66 221
57 78 217
58 1 288
58 3 228
58 8 215
58 16 321
58 21 671
58 23 230
58 24 340
58 31 279
58 33 360
58 36 230
58 44 235
58 49 318
58 55 328
58 60 409
58 61 335
58 65 753
58 72 891
58 78 947
59 9 185
59 12 288
59 16 388
59 72 217
59 78 217
60 7 445
60 16 217
60 29 728
60 31 958
60 55 523
60 58 409
60 65 184
60 78 218
61 33 378
61 58 335
62 3 204
62 5 983
62 6 168
62 8 488
62 11 297
62 12 491
62 13 276
62 14 999
62 16 215
62 17 296
62 18 300
62 23 235
62 25 349
62 26 251
62 32 979
62 33 315
62 35 246
62 38 173
62 39 810
62 42 188
62 45 804
62 48 198
62 55 270
62 64 677
62 65 283
62 67 619
62 71 643
62 72 721
62 78 988
62 80 238
63 4 229
63 16 241
63 31 227
63 33 215
63 47 359
63 48 909
63 64 316
63 72 215
63 78 223
64 34 452
64 62 677
64 63 316
64 66 252
65 1 221
65 2 798
65 3 999
65 4 291
65 5 317
65 8 996
65 12 999
65 13 276
65 14 271
65 15 899
65 19 940
65 23 971
65 24 508
65 25 957
65 30 400
65 31 284
65 32 387
65 33 983
65 35 193
65 36 288
65 37 154
65 39 634
65 44 885
65 46 156
65 48 539
65 53 734
65 55 217
65 60 184
65 62 283
65 66 959
65 69 353
65 72 812
65 73 165
65 74 396
65 75 281
65 78 855
65 79 223
66 2 689
66 3 916
66 5 215
66 8 997
66 12 947
66 16 216
66 17 227
66 20 224
66 23 215
66 24 291
66 25 217
66 30 227
66 33 999
66 39 490
66 44 983
66 47 284
66 48 396
66 51 969
66 53 283
66 55 262
66 57 221
66 64 252
66 65 959
66 72 906
66 78 338
67 42 575
67 62 619
68 9 310
68 72 217
69 7 244
69 16 216
69 25 252
69 31 317
69 32 294
69 34 221
69 65 353
70 8 201
70 37 273
71 3 170
71 5 998
71 9 302
71 14 808
71 18 725
71 19 200
71 33 309
71 62 643
72 1 908
72 2 281
72 3 179
72 5 956
72 8 938
72 9 165
72 10 243
72 12 234
72 13 658
72 16 252
72 17 218
72 19 619
72 22 151
72 24 916
72 25 978
72 26 369
72 29 157
72 30 164
72 33 999
72 38 210
72 39 616
72 45 784
72 46 171
72 47 216
72 53 236
72 56 205
72 59 217
72 62 721
72 63 215
72 65 812
72 66 906
72 68 217
72 75 372
72 78 822
72 80 343
73 18 270
73 45 229
73 47 229
73 51 167
73 52 543
73 65 165
73 76 201
74 14 246
74 20 195
74 53 230
74 65 396
75 5 293
75 8 815
75 25 257
75 29 227
75 33 748
75 39 234
75 46 154
75 65 281
75 72 372
75 80 172
76 73 201
76 78 218
77 5 219
77 9 870
77 16 264
77 26 819
77 31 235
77 33 217
77 35 202
77 78 252
78 1 251
78 2 282
78 3 816
78 4 530
78 5 990
78 8 962
78 10 235
78 12 958
78 13 221
78 14 323
78 16 312
78 17 279
78 18 177
78 19 395
78 24 223
78 25 828
78 30 218
78 31 287
78 33 226
78 41 698
78 43 373
78 46 298
78 47 307
78 48 988
78 51 702
78 52 504
78 53 475
78 54 156
78 55 708
78 57 217
78 59 217
78 60 218
78 62 988
78 63 223
78 65 855
78 66 338
78 72 822
78 76 218
78 77 252
79 65 223
80 20 176
80 38 201
80 62 238
80 72 343
80 75 172
